3.245353772975512808e-09
3.336489426750580349e-08
1.718449145080799222e-07
6.535193053635823396e-07
2.070957269733205328e-06
5.794836026475751313e-06
1.479984336245337662e-05
3.521374187713551240e-05
7.911903532582318494e-05
1.694852893146901870e-04
3.486635244538707724e-04
6.927641846079655346e-04
1.335496279398776286e-03
2.506873681995834546e-03
4.595120231786297034e-03
8.244437632242695990e-03
1.450753071831640054e-02
2.508085361057071222e-02
4.266424581027843110e-02
7.151027303565631044e-02
1.182787320021740224e-01
1.934451285353816219e-01
3.139598167391932648e-01
5.097554624240180354e-01
8.487138101548397096e-01
5.024655186918617154e-09
3.119054345723388510e-08
1.252727430806808216e-07
4.024987767351983050e-07
1.122641773279558432e-06
2.836820132186017610e-06
6.656498565478059795e-06
1.472480175534620920e-05
3.102652795735016494e-05
6.275333802891157060e-05
1.225749610562629687e-04
2.323552221688194273e-04
4.290435331934910326e-04
7.738930707654730155e-04
1.366798375676578619e-03
2.368332009858235658e-03
4.033208748514258320e-03
6.760648013584764568e-03
1.117025629781418644e-02
1.821966580323901991e-02
2.940175433113657519e-02
4.713245210269981222e-02
7.573615797228105961e-02
1.249494527123326815e-01
2.310677452669423204e-01
