2.499925374672221779e-07
2.750350717872848197e-06
1.455699732234137455e-05
5.618607745319651256e-05
1.799318929192339229e-04
5.076473200875251295e-04
1.304910370262289416e-03
3.120951978963677764e-03
7.044229769061350135e-03
1.515640093071103471e-02
3.131977651736542190e-02
6.251511755202533716e-02
1.210727464093362682e-01
2.283368682353907608e-01
4.206161747759137870e-01
7.588268798681254701e-01
1.344493311947322800e+00
2.348820378908031525e+00
4.079451036988514190e+00
7.227161540190462752e+00
7.991871235496069539e-07
5.251281485444648764e-06
2.149734131265029676e-05
6.988526625206508585e-05
1.967458810705979778e-04
5.007299028124222564e-04
1.181264727920056492e-03
2.624971976634400336e-03
5.555901929749979505e-03
1.129065171197340955e-02
2.216361732032920764e-02
4.222299914637733104e-02
7.835358981834492087e-02
1.420709853219979668e-01
2.523863171084039236e-01
4.405116393861638890e-01
7.584252555474784163e-01
1.298720505967219552e+00
2.262594219799014983e+00
4.373959469605164685e+00
