6.721243032201892366e-07
7.394291161944301231e-06
3.913499760311497922e-05
1.510483727255045754e-04
4.837277720964456825e-04
1.364777796536901285e-03
3.508182391829410378e-03
8.390537551086138524e-03
1.893804795507603861e-02
4.074709583874572272e-02
8.420171882636383331e-02
1.680728197927340850e-01
3.255369113668729608e-01
6.141559356833992123e-01
1.132632538321721283e+00
2.051046683566037920e+00
3.678579375841477983e+00
6.708628334992781994e+00
1.074335513852532732e-06
7.058818577228386361e-06
2.889625914899765684e-05
9.393822629357347347e-05
2.644704640250098164e-04
6.730953919291694223e-04
1.587889813633720391e-03
3.528560955654853892e-03
7.468341087974019431e-03
1.517712330046864198e-02
2.979332086742092142e-02
5.676233124156305349e-02
1.053653648953001704e-01
1.912465338100894641e-01
3.409281045397349330e-01
6.018654129173908185e-01
1.075992687468343423e+00
2.124103069781110964e+00
