7.222903428190705907e-09
7.946175357080392704e-08
4.205803745377784172e-07
1.623357297580381034e-06
5.198708799932035384e-06
1.466728659675255429e-05
3.770218943257415899e-05
9.017253917081543332e-05
2.035267825771646809e-04
4.379076542001182517e-04
9.049047771990957655e-04
1.806207143091476380e-03
3.498052630631002472e-03
6.596919967767993914e-03
1.215029755949918917e-02
2.190888075970941554e-02
3.875522092971134258e-02
6.737112342304682477e-02
1.152659744230081496e-01
1.943467499613495408e-01
3.232972972272252776e-01
5.311701710709946234e-01
8.628307196863719275e-01
1.387397041310294510e+00
2.212185753750424588e+00
3.509275582034617535e+00
5.581210328446704061e+00
9.114672937459584290e+00
1.154509584846402661e-08
7.585745432531046262e-08
3.105581401860524534e-07
1.009585028115393991e-06
2.842266578295579321e-06
7.233683685115442848e-06
1.706485450763139966e-05
3.792140073063530510e-05
8.026233376070503916e-05
1.631069944915173144e-04
3.201782807198437562e-04
6.099574203128066419e-04
1.131880250538564326e-03
2.052073364863564019e-03
3.643718956590598617e-03
6.349657033025294176e-03
1.087847414282739483e-02
1.835043675738624175e-02
3.051729809640203045e-02
5.009125215837221395e-02
8.123620684402070580e-02
1.303076476624101532e-01
2.070031544921253630e-01
3.263069657978569515e-01
5.123710393793757811e-01
8.085049763502357711e-01
1.312849680744363257e+00
2.393707241971454014e+00
