6.942912597651328357e-10
7.637803938227406548e-09
4.042417136916486760e-08
1.560283101015586801e-07
4.996715803418912844e-07
1.409745813015793233e-06
3.623748655204681407e-06
8.666898300918718357e-06
1.956180792079925307e-05
4.208920415722336330e-05
8.697478922191650920e-05
1.736031289907368587e-04
3.362110984522979061e-04
6.340476760062063039e-04
1.167789856818603287e-03
2.105708207935777076e-03
3.724862875838943262e-03
6.475232987530621549e-03
1.107850770093161963e-02
1.867877735815797607e-02
3.107032365984041186e-02
5.103908280035191619e-02
8.287051790447777511e-02
1.330995864980012156e-01
2.116110460931975024e-01
3.332454643252357740e-01
5.201374490803525319e-01
8.051298161670583653e-01
1.236832806579370558e+00
1.887423227361021638e+00
2.865751348097421491e+00
4.343201797231814432e+00
6.619787831544864609e+00
1.038271177245993471e+01
2.219501472827859789e-09
1.458237011491400027e-08
5.969760676388171773e-08
1.940719667354155526e-07
5.463670764519054934e-07
1.390536652766480578e-06
3.280370955218350438e-06
7.289548205282696078e-06
1.542865860387656311e-05
3.135405062613603989e-05
6.154809285028291026e-05
1.172507000029476598e-04
2.175745585363181626e-04
3.944542590119350838e-04
7.004069331609510604e-04
1.220564930727826560e-03
2.091134473247360705e-03
3.527434444104899855e-03
5.866085425874577840e-03
9.627932693509923603e-03
1.561119461426112472e-02
2.502832027522693820e-02
3.970573215583544924e-02
6.237362111125951958e-02
9.708453807182086670e-02
1.498177566204576816e-01
2.293580139294382203e-01
3.486035831852335454e-01
5.266273550811599868e-01
7.923103742620635215e-01
1.192007452008816193e+00
1.809989822654620495e+00
2.841788153974215358e+00
5.034251145914026004e+00
