2.111124358008499595e-11
2.322449101755441870e-10
1.229168321874566597e-09
4.744143988758948572e-09
1.519257405943804129e-08
4.286314488841235728e-08
1.101794080778880886e-07
2.635148162029348089e-07
5.947701783216099748e-07
1.279704074545397275e-06
2.644416602101868332e-06
5.278279952340805451e-06
1.022224754229961760e-05
1.927770230075602473e-05
3.550550122905725528e-05
6.402149123184617771e-05
1.132490182067911224e-04
1.968686447577509054e-04
3.368214611739489702e-04
5.678904875798316924e-04
9.446262924561242644e-04
1.551728017975984465e-03
2.519480811043986468e-03
4.046541954887114545e-03
6.433338391767066088e-03
1.013069352623149032e-02
1.581018460504531389e-02
2.446533750294292361e-02
3.755635503141190740e-02
5.721600089228406905e-02
8.654100248424335950e-02
1.300025497079301540e-01
1.940220897840921888e-01
2.877760758735700697e-01
4.243180518620017216e-01
6.221432442121910267e-01
9.073805817689971631e-01
1.316907310366556283e+00
1.902916975492620955e+00
2.740049599784258216e+00
3.937800459505762518e+00
5.666083276187740658e+00
8.222519349247908949e+00
1.229806864142786615e+01
6.748852008911723679e-11
4.434116391552316538e-10
1.815165923825247392e-09
5.900756259714015629e-09
1.661217634228647388e-08
4.227892298772232646e-08
9.973890576048784898e-08
2.216360586555885049e-07
4.691018108710809932e-07
9.533005466400577088e-07
1.871319049045736122e-06
3.564913573353678986e-06
6.615180888514305613e-06
1.199298518973532343e-05
2.129493644699588829e-05
3.710926760087435481e-05
6.357704515763241244e-05
1.072444834913886000e-04
1.783454817351855161e-04
2.927150488290320503e-04
4.746211431872624431e-04
7.609243484303306569e-04
1.207144948487550709e-03
1.896253247038773423e-03
2.951325536818696568e-03
4.553657400690408821e-03
6.968541513819854691e-03
1.058175706314613135e-02
1.595096052204757892e-02
2.387771893055820258e-02
3.550803481637498926e-02
5.247209436887821654e-02
7.707798312611478797e-02
1.125799261661301898e-01
1.635506909425725186e-01
2.364037579284370139e-01
3.401433120178664615e-01
4.874956752188968623e-01
6.967717046242861700e-01
9.953650608175667047e-01
1.427539330982174448e+00
2.075644001794928695e+00
3.136016312944380768e+00
5.371684431915518587e+00
