1.479306388121666368e-09
1.627339656400676781e-08
8.613280007414791112e-08
3.324721884536638664e-07
1.064751192031742280e-06
3.004007495140649116e-06
7.721765553695317700e-06
1.846830514934037998e-05
4.168488928290920212e-05
8.969028634838225158e-05
1.853407441606359015e-04
3.699451294357912912e-04
7.164624185743355238e-04
1.351149044633783054e-03
2.488538491257517513e-03
4.487193797396243217e-03
7.937500131441652812e-03
1.379834433707252672e-02
2.360760967782071090e-02
3.980327458835547505e-02
6.620895793881839686e-02
1.087618708291373804e-01
1.765959178585048139e-01
2.836433243878694888e-01
4.509936202036954889e-01
7.103701862781344190e-01
1.109311281028573681e+00
1.719158703108017994e+00
2.648396524535323149e+00
4.068680491304141889e+00
6.280751635749409090e+00
9.971420978558866111e+00
4.728964704859888782e-09
3.107028937875645593e-08
1.272033110604392890e-07
4.135546357402961807e-07
1.164256942263904439e-06
2.963045160935720439e-06
6.990103091717323074e-06
1.553358105681569497e-05
3.287799877590344411e-05
6.681492967015271057e-05
1.311581456685797175e-04
2.498609890035944302e-04
4.636505250611786932e-04
8.405752651343327640e-04
1.492540073097167741e-03
2.600947973551000388e-03
4.456056384546684332e-03
7.516719916930530467e-03
1.250022944117853453e-02
2.051650012443817159e-02
3.326672974919932246e-02
5.333527249648530033e-02
8.461636496267231633e-02
1.329367336504046482e-01
2.069670847469564368e-01
3.195810453681337537e-01
4.899828485332547445e-01
7.474044574818468067e-01
1.138779414253398681e+00
1.749023863054766315e+00
2.773760488713997940e+00
4.956436787933742316e+00
