1.893298016319612537e-05
2.082824026025247867e-04
1.102360628446526734e-03
4.254761703312413650e-03
1.362558149473161971e-02
3.844258346021291878e-02
9.881812871297378231e-02
2.363635372720720162e-01
5.337331846867233720e-01
1.150819030936487186e+00
2.400116280803955338e+00
4.990623595486097130e+00
6.052501998837999081e-05
3.976637524919949076e-04
1.627917279963230759e-03
5.292118146073041852e-03
1.489895499025670027e-02
3.791898751107312254e-02
8.945761412234255749e-02
1.988437101981925248e-01
4.214467403734974416e-01
8.619837993984161839e-01
1.740441115025618490e+00
3.779438200408280935e+00
