9.743491735206404518e-08
1.071967292392344821e-06
5.673647912379187357e-06
2.189810569170153474e-05
7.012666472899875916e-05
1.978520235057410165e-04
5.085862951191228234e-04
1.216397882036729600e-03
2.745509573275531356e-03
5.907235542025898387e-03
1.220687535582053521e-02
2.436500929592593304e-02
4.718680793230409232e-02
8.898805005530567580e-02
1.639008574246248739e-01
2.955576996635760900e-01
5.229348987879214317e-01
9.096624507226402923e-01
1.559378066302733457e+00
2.643906963611485583e+00
4.469439122368497053e+00
7.724947419704861318e+00
1.557443513344537097e-07
1.023360737664514923e-06
4.189266176211565937e-06
1.361841384442904649e-05
3.833996326537004301e-05
9.757917930994103599e-05
2.302010820194261092e-04
5.115483827425636783e-04
1.082712539244980263e-03
2.200265025498329436e-03
4.319086538507109323e-03
8.227967668134538240e-03
1.526817283034181093e-02
2.768093658842209551e-02
4.915399397859976371e-02
8.567596535113558565e-02
1.468821301813561797e-01
2.482677956050982349e-01
4.153081598474121505e-01
6.933378825368412546e-01
1.181996835451289751e+00
2.244666584297308365e+00
