3.954749512327966892e-08
4.350634582035933453e-07
2.302615515384963178e-06
8.887533230508072894e-06
2.846226305559133036e-05
8.030280274249464655e-05
2.064198664937596411e-04
4.936991115466458392e-04
1.114325889867507800e-03
2.397594299430328042e-03
4.954469768196476456e-03
9.889195101231148394e-03
1.915210087376805273e-02
3.611825604576241605e-02
6.652257474579560681e-02
1.199509782772541222e-01
2.121910250709596046e-01
3.689038341101205098e-01
6.313411293866295626e-01
1.065340320772722782e+00
1.776127666313054076e+00
2.935811169400800669e+00
4.849237026654303229e+00
8.204173183758868504e+00
1.264246354004996453e-07
8.306454271445387326e-07
3.400420929480946670e-06
1.105460489809600672e-05
3.112261099131004765e-05
7.920925293799221327e-05
1.868620520825912924e-04
4.152462630818800943e-04
8.788926233414850239e-04
1.786069804019143085e-03
3.506036929788339772e-03
6.679126992825313788e-03
1.239407236417026763e-02
2.246990726537263436e-02
3.989826908404470879e-02
6.953024461221629648e-02
1.191341217371565536e-01
2.010220499097449265e-01
3.345915626917117525e-01
5.505287854558018612e-01
8.988220628317974414e-01
1.468537963697507109e+00
2.457581275678000665e+00
4.595855030525272333e+00
