6.844240870532117987e-05
7.529399260407967746e-04
3.984982009498879742e-03
1.538061305146318052e-02
4.925505196938467778e-02
1.389701553864622074e-01
3.573110197403095434e-01
8.557904290296716177e-01
1.945785632184897196e+00
4.345735084718980623e+00
1.093979673108239119e-04
7.187750009543467924e-04
2.942397178094129095e-03
9.565218274874413493e-03
2.692912894108480740e-02
6.854416421583807428e-02
1.618218795205635940e-01
3.611444947186473464e-01
7.816638397438897545e-01
1.788261777389700491e+00
