8.102341690007928002e-11
8.913419657317341141e-10
4.717800618541463295e-09
1.820964998655313346e-08
5.831629311887179811e-08
1.645310627143497551e-07
4.229262271949649228e-07
1.011508343840242980e-06
2.283063260012023134e-06
4.912345769172512523e-06
1.015129269200553353e-05
2.026253746668542555e-05
3.924247950410509066e-05
7.400700006502591779e-05
1.363079114255885465e-04
2.457872867190035436e-04
4.347851224623738246e-04
7.558261249576693442e-04
1.293153407390219877e-03
2.180317633423164373e-03
3.626765883313576473e-03
5.957699298781015881e-03
9.673345430667164985e-03
1.553644533166333511e-02
2.470048016722701037e-02
3.889637300354634175e-02
6.070262836194182526e-02
9.393393643043347618e-02
1.441972046355002868e-01
2.196833123577536795e-01
3.322901650574927590e-01
4.992125118884498947e-01
7.451966113421791826e-01
1.105768751423026552e+00
1.631976253199393767e+00
2.397736978108168771e+00
3.512453756920066894e+00
5.146616157282196902e+00
7.598577898807626241e+00
1.155750802607247429e+01
2.590160637866398798e-10
1.701825160251486949e-09
6.967243622545949449e-09
2.264973349699898584e-08
6.376685907154540144e-08
1.622891138011446639e-07
3.828497767358451542e-07
8.507592686765827282e-07
1.800717583068037194e-06
3.659535965069075735e-06
7.183810266318196730e-06
1.368560642389091603e-05
2.539592672797768216e-05
4.604226683754281547e-05
8.175526373397670710e-05
1.424718865053204310e-04
2.440903370996635611e-04
4.117458970896632243e-04
6.847339140383214631e-04
1.123852416501875577e-03
1.822276946000145901e-03
2.921532248828857814e-03
4.634787883275683085e-03
7.280605386466424724e-03
1.133153103969925662e-02
1.748364315069744768e-02
2.675554165607132995e-02
4.062858601447516538e-02
6.124469381859747041e-02
9.168446393167775654e-02
1.363581516072246980e-01
2.015582869823921430e-01
2.962542432319536512e-01
4.332807476055770546e-01
6.312581864922793828e-01
9.181179840451677565e-01
1.338820535625738994e+00
1.976274433182320323e+00
3.026305587549737552e+00
5.245645147093447314e+00
