1.905375675532277370e-07
2.096587445374614355e-06
1.109776414347496432e-05
4.284376645929961595e-05
1.372430347129174096e-04
3.873065581191142059e-04
9.957289926502766245e-04
2.381570171549162850e-03
5.375413282129561793e-03
1.156637666122711620e-02
2.390450867493022075e-02
4.772997340825007456e-02
9.253306799430921492e-02
1.751283399561606446e-01
3.265805905093145389e-01
6.165892663169968424e-01
3.046015688999568741e-07
2.001516519187178311e-06
8.195501770225709711e-06
2.665014809331595164e-05
7.505393485454472967e-05
1.910561640611751219e-04
4.507339054852105027e-04
1.001549037499324842e-03
2.119895834151513166e-03
4.308654881748917240e-03
8.460495724072597187e-03
1.613128443873840939e-02
3.002394461855691088e-02
5.502162197962162660e-02
1.015019385200992830e-01
2.054691252953708136e-01
