3.227113886690843481e-09
3.550109484979705225e-08
1.878926737732186635e-07
7.252094605811975530e-07
2.322442570090820608e-06
6.552564700204341631e-06
1.684368415685926230e-05
4.028547976532825250e-05
9.092782924813381574e-05
1.956411228446489016e-04
4.042837386924429534e-04
8.069677505725813150e-04
1.562852426693584320e-03
2.947372504104212119e-03
5.428534093339936958e-03
9.788556898769663200e-03
1.731539776790181479e-02
3.010085491732170451e-02
5.149977360646792318e-02
8.683069745647281623e-02
1.444355531481332777e-01
2.372701085747671579e-01
3.852776390090171255e-01
6.189257767245398556e-01
9.845165714368989685e-01
1.552388116806255214e+00
2.430530139250134170e+00
3.790842832170013388e+00
5.934915282321304275e+00
9.549386111109738451e+00
1.031648536920178980e-08
6.777951951180014120e-08
2.774731242576266713e-07
9.020238038141201631e-07
2.539516930117983854e-06
6.463442098902416044e-06
1.524787631752252585e-05
3.388371097331494420e-05
7.171634348527788851e-05
1.457424162192792858e-04
2.860976139070039222e-04
5.450343110324672646e-04
1.011407057315809842e-03
1.833663613145048105e-03
3.255922625939570211e-03
5.673940793812811204e-03
9.720907405784828467e-03
1.639774383552415962e-02
2.726925492032191214e-02
4.475699080601525798e-02
7.257332430424887071e-02
1.163620835804810572e-01
1.846448080765173971e-01
2.902368547392401021e-01
4.524543133681844798e-01
7.008943691167914825e-01
1.083139185636352808e+00
1.684880939384167498e+00
2.701983569563633392e+00
4.874487442215401423e+00
