1.663330440398531173e-08
1.829915864063407717e-07
9.685143447892524525e-07
3.738145147540311964e-06
1.197107256345625021e-05
3.377470712256290227e-05
8.681956114128873241e-05
2.076530531152941442e-04
4.687040546977556195e-04
1.008488716392382575e-03
2.084014376318935133e-03
4.159790924371730217e-03
8.056240762549449902e-03
1.519311123658223343e-02
2.798280528842377740e-02
5.045739940666670031e-02
8.925602888227036902e-02
1.551627327004149459e-01
2.654795208627477310e-01
4.476652754134300416e-01
7.449170987511922748e-01
1.224874497067385937e+00
1.993957342536837096e+00
3.224331256746230334e+00
5.219623068652116338e+00
8.666866742077667496e+00
2.658742015331139180e-08
1.746904191444122312e-07
7.151305836724137393e-07
2.324754735796583644e-06
6.544904977581120887e-06
1.665743114345540976e-05
3.929764737220457619e-05
8.733022134666744126e-05
1.848436492396174900e-04
3.756428364164828199e-04
7.373963448608288843e-04
1.404783822005085470e-03
2.606797573785866150e-03
4.726028163154059880e-03
8.391664468086663248e-03
1.462370507277114748e-02
2.505431450629360193e-02
4.226466388248972111e-02
7.029513610120649569e-02
1.154203938856177836e-01
1.873550867467753678e-01
3.012676186664831612e-01
4.817105622973943957e-01
7.725490806213066719e-01
1.272251592225108752e+00
2.347423783894195370e+00
