5.778800654149589924e-06
6.357387229137206430e-05
3.364770329484101244e-04
1.298699545071710587e-03
4.158979291848727625e-03
1.173390814967454308e-02
3.016201244623138017e-02
7.213868894106816032e-02
1.628276707982388716e-01
3.503979887163867768e-01
7.245905856886533103e-01
1.450415710335210884e+00
2.839804304984212102e+00
5.594836025153066217e+00
9.236907028434230703e-06
6.068967939302620664e-05
2.484490952064719710e-04
8.076667080500622275e-04
2.273819625834578011e-03
5.787012331283782757e-03
1.365199318162123483e-02
3.033761106392021678e-02
6.421785396906166954e-02
1.305688831911947789e-01
2.568606070064533009e-01
4.935679297732243342e-01
9.470538207812503328e-01
1.977365422347885815e+00
