3.328133397380069824e-10
3.661411487128524285e-09
1.937824019384878422e-08
7.479562732469524444e-08
2.395303093371597548e-07
6.758062022590227826e-07
1.737200814136055361e-06
4.154960979331333919e-06
9.378254784858957419e-06
2.017871355655616360e-05
4.169904148090149945e-05
8.323379417350643844e-05
1.611988208363197156e-04
3.040015901984355123e-04
5.599103448774002357e-04
1.009599354109235554e-03
1.785903289786637755e-03
3.104563729724457797e-03
5.311585332763352207e-03
8.955486710272518233e-03
1.489651678963052617e-02
2.447034477007104664e-02
3.973150115290880607e-02
6.381275769456581926e-02
1.014519974480209002e-01
1.597597309205310845e-01
2.493310520049372425e-01
3.858501868928963519e-01
5.924034325590838979e-01
9.028304350860781868e-01
1.366669270960887195e+00
2.056786979614440458e+00
3.082292062841528235e+00
4.614274142948219470e+00
6.952108175750742802e+00
1.078353140385148912e+01
1.063966300603238064e-09
6.990521371483658931e-09
2.861706334541957696e-08
9.303336047343804677e-08
2.619164425225094420e-07
6.666113230153547946e-07
1.572634277153483559e-06
3.494752135220944831e-06
7.396959174830917296e-06
1.503244931690858431e-05
2.950945519260630301e-05
5.621738964303340830e-05
1.043199774565249150e-04
1.891270585533223812e-04
3.358157077676468950e-04
5.852020153278968823e-04
1.002592830945429501e-03
1.691219401881945790e-03
2.812464055983162747e-03
4.616044351275175317e-03
7.484654394379270867e-03
1.199955399436795564e-02
1.903627694342992227e-02
2.990333333108619734e-02
4.654204299883791390e-02
7.181302803208043650e-02
1.099058518663856981e-01
1.669255027685754289e-01
2.517408143478206961e-01
3.772475570730500771e-01
5.623735606467409331e-01
8.356643261193295036e-01
1.242956173741044168e+00
1.867980882223399197e+00
2.906285827045026693e+00
5.108067172097617181e+00
