3.239725082617852758e-12
3.516803232745436168e-11
1.850158490560689120e-10
7.117462914786813642e-10
2.274433333945899386e-09
6.407171209797431456e-09
1.645063908487227476e-08
3.930898745494357705e-08
8.865702488118342848e-08
1.906354249931812715e-07
3.937258846135361036e-07
7.855205852423612858e-07
1.520677949320431353e-06
2.866763028432690636e-06
5.278302579135074724e-06
9.514812922575608032e-06
1.682659897272244885e-05
2.924393333104306777e-05
5.002243873047172148e-05
8.432240626744782130e-05
1.402355800989415406e-04
2.303240577518554210e-04
3.739085100513455588e-04
6.004453172285064994e-04
9.544759373966215732e-04
1.502832514877251464e-03
2.345062613135856511e-03
3.628421675971125158e-03
5.569312943403240818e-03
8.483782787446629212e-03
1.283067390346699643e-02
1.927239159174941319e-02
2.876007193561765096e-02
4.265241758616901413e-02
6.288080316686597837e-02
9.217773678806376325e-02
1.343917885336382290e-01
1.949202097311847071e-01
2.813014841968470292e-01
4.040253102685131825e-01
5.776394867463892080e-01
8.222670725606329167e-01
1.165705115964519756e+00
1.646388443818850300e+00
2.317748368725947916e+00
3.255101752720905406e+00
4.567869253104573701e+00
6.425190061397887398e+00
9.123991090491648137e+00
1.335832241818632760e+01
1.029781943997480112e-11
6.684480642244101676e-11
2.724381797878453379e-10
8.834345946793628900e-10
2.482935217332441286e-09
6.311466923230021853e-09
1.487508534768101149e-08
3.302971256303185219e-08
6.986480378681161520e-08
1.419026870748678125e-07
2.784264742827213933e-07
5.301992241108314690e-07
9.835119348841817722e-07
1.782500752155206143e-06
3.164150437517696179e-06
5.512557530363902563e-06
9.442151139928284468e-06
1.592406374620167190e-05
2.647626616780223747e-05
4.344719774409618225e-05
7.043548829995319172e-05
1.129064217487346427e-04
1.790909881729220378e-04
2.812883599506461473e-04
4.377409797530386749e-04
6.753179599892067658e-04
1.033333583989169517e-03
1.568951929948099715e-03
2.364797390636024475e-03
3.539619220973193228e-03
5.263166150108630932e-03
7.776840866903006987e-03
1.142225858766854167e-02
1.668057500677120469e-02
2.422643858802800421e-02
3.500174564330571503e-02
5.031615828562379517e-02
7.198378328724705510e-02
1.025088620802023232e-01
1.453385264324728032e-01
2.052093208336342456e-01
2.886304400043743223e-01
4.045811789746617260e-01
5.655814984702185466e-01
7.895027944719780200e-01
1.103063114679150747e+00
1.549735400918073269e+00
2.211366209274296946e+00
3.285309421959791365e+00
5.543573716653387606e+00
